pose:
  translation: 
    x: 0.6738659417380247
    y: 0.07725718999873221
    z: 0.8387410171872836
  rotation: 
    x: 0.7071
    y: 0.7071
    z: 0
    w: 0
