pose:
  translation: 
    x: -0.03395424835708345
    y: -0.00048022916238173283
    z: -0.06607924396696128
  rotation: 
    x: 0.02313567855551449
    y: -0.01900440334975917
    z: -0.6959423285493511
    w: 0.7174732387792611
